14
30
57
63
97
101
120
136
182
186
189
206
221
263
279
290
297
320
325
332
356
396
404
426
434
438
452
470
497
513
520
522
526
527
532
535
538
540
544
591
640
644
645
647
648
653
656
658
664
666
668
677
689
702
706
709
714
715
727
740
744
749
756
775
796
805
808
812
816
817
832
836
857
862
867
872
906
917
923
930
974
992
995
1002
1005
1012
1016
1018
1022
1025
1029
1035
1043
1056
1060
1075
1081
1088
1102
1106
1115
1119
1122
1132
1136
1137
1139
1146
1157
1166
1173
1182
1191
1196
1197
1205
1214
1217
1232
1238
1243
1244
1265
1272
1275
1285
1290
1293
1301
1302
1314
1329
1333
1343
1355
1358
1368
1377
1378
1384
1387
1390
1394
1402
1405
1417
1418
1423
1426
1427
1430
1434
1439
1441
1442
1445
1453
1455
1459
1460
1461
1467
1474
1475
1481
1485
1490
1494
1517
1524
1531
1537
1547
1566
1574
1577
1579
1584
1592
1593
1594
1611
1612
1614
1620
1624
1629
1652
1659
1676
1679
1693
1717
1722
1728
1746
1757
1767
1776
1781
1786
1794
1812
1816
1824
1828
1832
1837
1848
1871
1875
1879
1888
1898
1905
1917
1923
1929
1937
1947
1958
1964
1980
1992
2003
2013
2028
2045
2056
2062
2067
2081
2083
2088
2094
2096
2116
2120
2130
2139
2149
2158
2162
2172
2181
2190
2192
2199
2209
2212
2214
2220
2225
2226
2232
2235
2237

